defa
  134
 -39.5440000 -48.2250000  28.2670000 -38.5250000 -48.2100000  27.8730000
 -39.8090000 -49.2680000  28.4530000 -40.4090000 -47.5680000  27.1910000
 -40.2480000 -46.4970000  27.0550000 -41.4430000 -47.7330000  27.5020000
 -40.1390000 -48.2510000  25.7530000 -40.0350000 -49.3090000  26.0040000
 -41.0780000 -48.1000000  25.2160000 -38.9060000 -47.6610000  24.9890000
 -38.0350000 -47.5320000  25.6360000 -39.0930000 -46.6410000  24.6450000
 -38.4080000 -48.5000000  23.7590000 -39.2170000 -48.7080000  23.0560000
 -37.9880000 -49.4520000  24.0910000 -35.8420000 -47.6110000  21.0760000
 -34.9490000 -48.0800000  21.4940000 -35.7140000 -46.5760000  21.4000000
 -35.8080000 -47.7340000  19.5270000 -36.7600000 -47.6770000  18.9950000
 -35.2260000 -46.9100000  19.1100000 -35.0820000 -49.0680000  19.1180000
 -34.0210000 -49.0230000  19.3710000 -35.4350000 -49.9050000  19.7250000
 -35.2680000 -49.4720000  17.6060000 -35.5620000 -48.5760000  17.0550000
 -34.3580000 -49.8340000  17.1250000 -36.4260000 -50.4480000  17.3540000
 -36.3810000 -51.3390000  17.9830000 -37.3330000 -49.9310000  17.6760000
 -36.3680000 -50.7790000  15.8890000 -36.1480000 -49.8580000  15.3450000
 -35.5280000 -51.4550000  15.7190000 -37.8190000 -51.2830000  15.4560000
 -38.0390000 -52.1710000  16.0520000 -38.5320000 -50.4900000  15.6890000
 -37.9080000 -51.7160000  14.0010000 -36.9600000 -51.8950000  13.2810000
 -39.1510000 -52.0150000  13.7380000 -39.5500000 -52.4490000  12.4300000
 -38.8720000 -52.0670000  11.6640000 -40.4890000 -51.9470000  12.1870000
 -39.4520000 -53.9790000  12.2970000 -38.4540000 -54.3510000  12.5390000
 -39.7940000 -54.3620000  10.7770000 -40.8050000 -54.0440000  10.5140000
 -39.6590000 -55.4450000  10.7380000 -38.7790000 -53.8780000   9.9600000
 -39.1430000 -53.8040000   8.3680000 -38.1630000 -52.8310000   7.8690000
 -40.5900000 -53.5330000   8.0170000 -38.5910000 -55.3050000   7.9360000
 -38.6670000 -55.7650000   6.5860000 -38.2750000 -54.9890000   5.9260000
 -39.6590000 -56.1770000   6.3890000 -37.7350000 -56.9760000   6.5630000
 -38.1290000 -57.7160000   7.2630000 -36.7710000 -56.6720000   6.9770000
 -37.4630000 -57.7250000   5.1860000 -40.4270000 -54.6920000  13.1780000
 -40.1890000 -56.0400000  13.4230000 -39.1900000 -56.6280000  13.0830000
 -41.2500000 -56.7970000  14.0890000 -41.1190000 -57.8810000  14.0730000
 -42.1870000 -56.5690000  13.5780000 -41.5550000 -56.3400000  15.5600000
 -42.5170000 -56.7840000  15.8220000 -41.7060000 -55.2610000  15.4830000
 -40.5180000 -56.5920000  16.6530000 -40.9080000 -56.0000000  17.4840000
 -39.5310000 -56.2270000  16.3590000 -40.3360000 -58.1140000  16.9460000
 -39.3730000 -58.3590000  17.4000000 -40.2780000 -58.5970000  15.9680000
 -41.4220000 -58.6600000  17.9160000 -41.3810000 -59.7510000  17.9380000
 -42.4090000 -58.4540000  17.4960000 -41.3410000 -58.0320000  19.3640000
 -41.4880000 -56.9610000  19.2120000 -40.3760000 -58.1800000  19.8530000
 -42.5050000 -58.5360000  20.2740000 -42.4890000 -58.0510000  21.2520000
 -43.4970000 -58.4500000  19.8250000 -42.2850000 -59.9830000  20.7640000
 -41.2620000 -60.3490000  20.7390000 -43.2460000 -60.8050000  21.2570000
 -42.8680000 -61.8020000  21.4690000 -44.7930000 -60.5880000  21.4380000
 -45.1240000 -60.3080000  22.4400000 -45.1430000 -59.8240000  20.7390000
 -45.5340000 -61.8700000  21.0960000 -45.2550000 -62.4050000  20.1860000
 -45.3320000 -62.5810000  21.9000000 -47.0900000 -61.6330000  21.0470000
 -47.4240000 -60.9780000  20.2390000 -47.3460000 -61.1920000  22.0120000
 -47.8010000 -62.9990000  20.8050000 -47.3820000 -63.4240000  19.8910000
 -47.6070000 -63.7390000  21.5850000 -49.3200000 -62.7910000  20.5930000
 -49.4460000 -62.0530000  19.7980000 -49.7090000 -62.4180000  21.5430000
 -50.1550000 -64.0330000  20.2220000 -49.7760000 -64.8110000  20.8870000
 -51.2230000 -63.8340000  20.3260000 -49.8560000 -64.5750000  18.7980000
 -50.2860000 -65.5780000  18.8460000 -48.7700000 -64.6230000  18.6890000
 -50.4130000 -63.7110000  17.6280000 -50.0720000 -64.1770000  16.7010000
 -49.8440000 -62.7790000  17.6450000 -51.4920000 -63.5580000  17.6900000
 -38.7210000 -58.1700000   4.4450000 -39.3400000 -57.2730000   4.3710000
 -39.2040000 -58.9330000   5.0580000 -38.3880000 -58.5670000   3.4830000
 -36.6580000 -58.9900000   5.4590000 -35.6810000 -58.8410000   5.9240000
 -36.4510000 -59.5050000   4.5190000 -37.1920000 -59.6790000   6.1170000
 -36.5850000 -56.8230000   4.3270000 -36.3080000 -57.1810000   3.3330000
 -35.7090000 -56.5400000   4.9140000 -37.1300000 -55.8820000   4.2300000
 -39.5320000 -47.2520000  29.4830000 -40.5480000 -46.8940000  29.6630000
 -38.9500000 -46.3420000  29.3180000 -39.1910000 -47.7840000  30.3730000
 -37.0560000 -48.2650000  21.6230000 -37.9160000 -48.0650000  20.9810000
 -36.9740000 -49.3540000  21.5980000 -37.3190000 -47.7120000  23.0480000
 -37.5350000 -46.6570000  22.8630000 -36.3910000 -47.8050000  23.6160000
